0  0.0  0.0  0.0
1  6.0  2.0  6.0
2  17.0  14.0  17.0
3  2.0  2.0  2.0
4  0.0  0.0  0.0
5  0.0  0.0  0.0
6  0.0  0.0  0.0
7  0.0  0.0  0.0
8  0.0  0.0  0.0
9  0.0  0.0  0.0
10  8.0  0.0  8.0
11  47.0  47.0  47.0
12  7.0  7.0  7.0
13  3.0  3.0  3.0
14  4.0  0.0  4.0
15  27.0  23.0  27.0
16  38.0  37.0  38.0
17  9.0  7.0  8.0
18  4.0  3.0  4.0
19  0.0  0.0  0.0
20  11.0  11.0  11.0
21  3.0  1.0  1.0
22  5.0  1.0  3.0
23  0.0  0.0  0.0
24  1.0  1.0  1.0
25  7.0  7.0  7.0
26  6.0  6.0  6.0
27  1.0  0.0  1.0
28  10.0  10.0  10.0
29  14.0  7.0  9.0
30  4.0  3.0  4.0
31  3.0  1.0  1.0
32  1.0  1.0  1.0
33  0.0  0.0  0.0
34  0.0  0.0  0.0
35  5.0  1.0  3.0
36  0.0  0.0  0.0
37  0.0  0.0  0.0
38  51.0  49.0  50.0
39  1.0  1.0  1.0
40  2.0  2.0  2.0
41  4.0  1.0  2.0
42  2.0  0.0  2.0
43  0.0  0.0  0.0
44  2.0  0.0  0.0
45  1.0  0.0  1.0
46  0.0  0.0  0.0
47  0.0  0.0  0.0
48  0.0  0.0  0.0
49  0.0  0.0  0.0
50  1.0  1.0  1.0
51  0.0  0.0  0.0
52  0.0  0.0  0.0
53  0.0  0.0  0.0
54  0.0  0.0  0.0
55  13.0  13.0  13.0
56  9.0  0.0  9.0
57  11.0  9.0  10.0
58  10.0  0.0  6.0
59  3.0  3.0  3.0
60  1.0  0.0  0.0
61  3.0  0.0  0.0
62  2.0  0.0  0.0
63  1.0  0.0  0.0
64  4.0  0.0  3.0
65  0.0  0.0  0.0
66  0.0  0.0  0.0
67  65.0  48.0  56.0
68  7.0  7.0  7.0
69  8.0  6.0  8.0
70  2.0  0.0  1.0
71  3.0  3.0  3.0
72  0.0  0.0  0.0
73  2.0  0.0  2.0
74  0.0  0.0  0.0
75  0.0  0.0  0.0
76  0.0  0.0  0.0
77  25.0  24.0  24.0
78  16.0  16.0  16.0
79  11.0  10.0  11.0
80  3.0  1.0  2.0
81  0.0  0.0  0.0
82  0.0  0.0  0.0
83  0.0  0.0  0.0
84  6.0  6.0  6.0
85  5.0  2.0  4.0
86  3.0  2.0  3.0
87  4.0  3.0  4.0
88  0.0  0.0  0.0
89  5.0  5.0  5.0
90  0.0  0.0  0.0
91  0.0  0.0  0.0
92  9.0  9.0  9.0
93  15.0  15.0  15.0
94  0.0  0.0  0.0
95  17.0  10.0  13.0
96  8.0  7.0  7.0
97  5.0  1.0  5.0
98  4.0  2.0  3.0
99  10.0  8.0  8.0
100  5.0  5.0  5.0
101  4.0  0.0  0.0
102  0.0  0.0  0.0
103  1.0  0.0  0.0
104  2.0  0.0  2.0
105  0.0  0.0  0.0
106  1.0  0.0  0.0
107  0.0  0.0  0.0
108  1.0  0.0  0.0
109  0.0  0.0  0.0
110  1.0  0.0  0.0
111  0.0  0.0  0.0
112  0.0  0.0  0.0
113  1.0  0.0  0.0
114  0.0  0.0  0.0
115  13.0  4.0  11.0
116  15.0  8.0  14.0
117  21.0  20.0  21.0
118  21.0  16.0  19.0
119  3.0  0.0  0.0
120  9.0  0.0  1.0
121  4.0  0.0  1.0
122  6.0  0.0  1.0
123  2.0  1.0  1.0
124  2.0  0.0  0.0
125  3.0  0.0  0.0
126  3.0  0.0  0.0
127  2.0  0.0  0.0
128  0.0  0.0  0.0
129  3.0  0.0  1.0
130  0.0  0.0  0.0
131  0.0  0.0  0.0
132  0.0  0.0  0.0
133  0.0  0.0  0.0
134  0.0  0.0  0.0
135  0.0  0.0  0.0
136  17.0  16.0  17.0
137  12.0  0.0  0.0
138  3.0  1.0  1.0
139  9.0  1.0  2.0
140  5.0  0.0  0.0
141  5.0  0.0  0.0
142  1.0  0.0  0.0
143  5.0  0.0  1.0
144  3.0  0.0  0.0
145  7.0  0.0  0.0
146  5.0  1.0  1.0
147  5.0  0.0  0.0
148  0.0  0.0  0.0
149  3.0  0.0  0.0
150  2.0  2.0  2.0
151  3.0  1.0  1.0
152  0.0  0.0  0.0
153  2.0  0.0  0.0
154  0.0  0.0  0.0
155  3.0  0.0  0.0
156  10.0  3.0  4.0
157  2.0  0.0  0.0
158  1.0  0.0  0.0
159  0.0  0.0  0.0
160  0.0  0.0  0.0
161  5.0  0.0  0.0
162  2.0  0.0  0.0
163  5.0  0.0  0.0
164  6.0  0.0  0.0
165  5.0  0.0  0.0
166  1.0  0.0  0.0
167  0.0  0.0  0.0
168  3.0  0.0  0.0
169  0.0  0.0  0.0
170  1.0  0.0  0.0
171  0.0  0.0  0.0
172  2.0  0.0  0.0
173  1.0  0.0  0.0
174  0.0  0.0  0.0
175  0.0  0.0  0.0
176  3.0  0.0  0.0
177  0.0  0.0  0.0
178  0.0  0.0  0.0
179  0.0  0.0  0.0
180  1.0  0.0  0.0
181  0.0  0.0  0.0
182  1.0  0.0  0.0
183  3.0  0.0  0.0
184  3.0  0.0  0.0
185  0.0  0.0  0.0
186  0.0  0.0  0.0
187  0.0  0.0  0.0
188  1.0  0.0  0.0
189  3.0  0.0  0.0
190  3.0  0.0  0.0
191  0.0  0.0  0.0
192  1.0  0.0  0.0
193  0.0  0.0  0.0
194  0.0  0.0  0.0
195  0.0  0.0  0.0
196  0.0  0.0  0.0
197  0.0  0.0  0.0
198  1.0  0.0  0.0
199  27.0  11.0  17.0
200  0.0  0.0  0.0
201  65.0  28.0  35.0
202  0.0  0.0  0.0
203  0.0  0.0  0.0
204  4.0  0.0  1.0
205  1.0  0.0  0.0
206  1.0  0.0  0.0
207  0.0  0.0  0.0
208  1.0  0.0  0.0
209  9.0  5.0  8.0
210  20.0  13.0  14.0
211  6.0  4.0  6.0
212  3.0  2.0  2.0
213  3.0  1.0  2.0
214  5.0  3.0  3.0
215  2.0  0.0  0.0
216  1.0  1.0  1.0
217  2.0  0.0  0.0
218  4.0  0.0  0.0
219  3.0  0.0  1.0
220  1.0  0.0  0.0
221  1.0  0.0  0.0
222  1.0  0.0  0.0
223  4.0  0.0  1.0
224  2.0  0.0  0.0
225  1.0  0.0  0.0
226  2.0  0.0  0.0
227  0.0  0.0  0.0
228  0.0  0.0  0.0
229  1.0  0.0  0.0
230  0.0  0.0  0.0
231  0.0  0.0  0.0
232  0.0  0.0  0.0
233  0.0  0.0  0.0
234  3.0  1.0  1.0
235  1.0  0.0  0.0
236  0.0  0.0  0.0
237  0.0  0.0  0.0
238  0.0  0.0  0.0
239  0.0  0.0  0.0
240  0.0  0.0  0.0
241  1.0  0.0  0.0
242  1.0  0.0  0.0
243  0.0  0.0  0.0
244  1.0  0.0  0.0
245  0.0  0.0  0.0
246  0.0  0.0  0.0
247  0.0  0.0  0.0
248  18.0  17.0  17.0
249  9.0  6.0  7.0
250  10.0  2.0  6.0
251  1.0  1.0  1.0
252  3.0  0.0  1.0
253  2.0  1.0  2.0
254  0.0  0.0  0.0
255  0.0  0.0  0.0
256  5.0  0.0  1.0
