0  270.0  48.0  270.0
1  1660.0  1391.0  1660.0
2  4823.0  4823.0  4823.0
3  433.0  423.0  433.0
4  0.0  0.0  0.0
5  100.0  96.0  100.0
6  2.0  0.0  2.0
7  24.0  12.0  24.0
8  13.0  13.0  13.0
9  3.0  3.0  3.0
10  1209.0  308.0  1209.0
11  9404.0  9320.0  9404.0
12  1898.0  1817.0  1898.0
13  1686.0  681.0  1686.0
14  525.0  293.0  525.0
15  6472.0  5648.0  6430.0
16  10962.0  10883.0  10962.0
17  1493.0  1388.0  1484.0
18  429.0  173.0  398.0
19  59.0  0.0  0.0
20  1121.0  904.0  1069.0
21  953.0  461.0  718.0
22  1329.0  170.0  695.0
23  455.0  455.0  455.0
24  133.0  95.0  133.0
25  2993.0  2957.0  2993.0
26  1642.0  677.0  1642.0
27  440.0  0.0  440.0
28  3440.0  2463.0  3326.0
29  3689.0  2878.0  3554.0
30  861.0  54.0  340.0
31  953.0  373.0  834.0
32  133.0  108.0  133.0
33  36.0  28.0  34.0
34  11.0  0.0  0.0
35  1329.0  98.0  536.0
36  0.0  0.0  0.0
37  0.0  0.0  0.0
38  12536.0  12536.0  12536.0
39  414.0  343.0  402.0
40  610.0  510.0  589.0
41  250.0  149.0  228.0
42  420.0  13.0  277.0
43  189.0  51.0  80.0
44  149.0  3.0  41.0
45  77.0  35.0  49.0
46  114.0  0.0  4.0
47  114.0  0.0  1.0
48  0.0  0.0  0.0
49  10.0  2.0  9.0
50  133.0  118.0  131.0
51  29.0  0.0  0.0
52  9.0  3.0  6.0
53  455.0  440.0  454.0
54  39.0  37.0  39.0
55  3698.0  3636.0  3695.0
56  1459.0  312.0  957.0
57  2230.0  1194.0  2107.0
58  1527.0  204.0  728.0
59  728.0  714.0  722.0
60  496.0  1.0  16.0
61  1017.0  0.0  3.0
62  681.0  0.0  0.0
63  372.0  190.0  285.0
64  463.0  34.0  279.0
65  212.0  0.0  6.0
66  69.0  0.0  0.0
67  16037.0  15892.0  16030.0
68  1269.0  1186.0  1263.0
69  1294.0  943.0  1268.0
70  613.0  243.0  594.0
71  817.0  451.0  636.0
72  85.0  7.0  30.0
73  214.0  19.0  123.0
74  150.0  0.0  11.0
75  16.0  0.0  3.0
76  104.0  0.0  0.0
77  4843.0  4843.0  4843.0
78  4135.0  4135.0  4135.0
79  2627.0  1888.0  2272.0
80  1293.0  55.0  1237.0
81  20.0  5.0  15.0
82  0.0  0.0  0.0
83  9.0  0.0  5.0
84  2598.0  2544.0  2597.0
85  843.0  474.0  843.0
86  465.0  298.0  465.0
87  861.0  408.0  763.0
88  2.0  2.0  2.0
89  1041.0  840.0  1029.0
90  81.0  0.0  3.0
91  0.0  0.0  0.0
92  2144.0  2144.0  2144.0
93  4751.0  4751.0  4751.0
94  17.0  11.0  17.0
95  5367.0  5345.0  5367.0
96  2218.0  2106.0  2185.0
97  1468.0  584.0  1315.0
98  1295.0  877.0  1209.0
99  1718.0  1082.0  1502.0
100  1347.0  945.0  1136.0
101  1150.0  0.0  96.0
102  233.0  27.0  66.0
103  564.0  0.0  1.0
104  212.0  0.0  41.0
105  165.0  2.0  14.0
106  113.0  0.0  16.0
107  0.0  0.0  0.0
108  393.0  0.0  0.0
109  0.0  0.0  0.0
110  81.0  0.0  3.0
111  16.0  3.0  4.0
112  24.0  0.0  0.0
113  87.0  0.0  0.0
114  0.0  0.0  0.0
115  3972.0  3339.0  3746.0
116  4402.0  2886.0  3903.0
117  4265.0  3203.0  3718.0
118  4441.0  3086.0  3584.0
119  529.0  178.0  241.0
120  1798.0  390.0  784.0
121  1261.0  269.0  617.0
122  1483.0  203.0  409.0
123  535.0  95.0  131.0
124  492.0  0.0  30.0
125  1081.0  2.0  12.0
126  610.0  85.0  168.0
127  442.0  63.0  85.0
128  82.0  2.0  5.0
129  560.0  0.0  1.0
130  38.0  0.0  0.0
131  19.0  0.0  0.0
132  0.0  0.0  0.0
133  22.0  0.0  0.0
134  126.0  0.0  0.0
135  7.0  0.0  0.0
136  3121.0  389.0  1908.0
137  3390.0  2164.0  2769.0
138  642.0  355.0  401.0
139  1357.0  160.0  313.0
140  1701.0  397.0  918.0
141  1017.0  146.0  402.0
142  248.0  61.0  100.0
143  1306.0  145.0  444.0
144  906.0  25.0  85.0
145  1862.0  694.0  1036.0
146  951.0  379.0  547.0
147  1041.0  54.0  196.0
148  145.0  6.0  32.0
149  953.0  0.0  9.0
150  713.0  27.0  129.0
151  471.0  4.0  12.0
152  321.0  1.0  12.0
153  570.0  0.0  0.0
154  151.0  16.0  30.0
155  589.0  1.0  5.0
156  1718.0  723.0  950.0
157  394.0  2.0  7.0
158  343.0  8.0  21.0
159  188.0  23.0  68.0
160  258.0  3.0  11.0
161  843.0  25.0  51.0
162  507.0  20.0  67.0
163  1329.0  72.0  170.0
164  966.0  0.0  0.0
165  378.0  3.0  15.0
166  397.0  0.0  0.0
167  46.0  0.0  0.0
168  498.0  0.0  0.0
169  87.0  0.0  0.0
170  167.0  0.0  0.0
171  320.0  0.0  0.0
172  218.0  0.0  0.0
173  222.0  0.0  0.0
174  12.0  0.0  0.0
175  59.0  0.0  0.0
176  187.0  0.0  0.0
177  74.0  0.0  0.0
178  89.0  0.0  0.0
179  69.0  0.0  2.0
180  119.0  0.0  0.0
181  52.0  0.0  0.0
182  347.0  0.0  0.0
183  1293.0  0.0  0.0
184  953.0  278.0  365.0
185  149.0  0.0  0.0
186  16.0  0.0  0.0
187  59.0  0.0  0.0
188  393.0  0.0  0.0
189  465.0  39.0  79.0
190  134.0  0.0  0.0
191  15.0  0.0  0.0
192  72.0  0.0  0.0
193  92.0  0.0  0.0
194  92.0  0.0  1.0
195  35.0  0.0  0.0
196  217.0  0.0  0.0
197  50.0  0.0  0.0
198  138.0  0.0  0.0
199  6472.0  4696.0  5384.0
200  72.0  0.0  0.0
201  16037.0  15263.0  15691.0
202  50.0  0.0  0.0
203  50.0  0.0  0.0
204  861.0  45.0  85.0
205  260.0  0.0  0.0
206  151.0  0.0  0.0
207  55.0  0.0  0.0
208  265.0  122.0  164.0
209  1902.0  773.0  1058.0
210  4761.0  4571.0  4705.0
211  1770.0  1305.0  1484.0
212  1354.0  752.0  1016.0
213  463.0  199.0  267.0
214  1535.0  764.0  1080.0
215  877.0  337.0  536.0
216  815.0  217.0  302.0
217  401.0  19.0  85.0
218  621.0  142.0  256.0
219  559.0  5.0  21.0
220  768.0  36.0  192.0
221  623.0  128.0  251.0
222  627.0  233.0  323.0
223  1444.0  1014.0  1253.0
224  169.0  0.0  8.0
225  352.0  1.0  51.0
226  314.0  0.0  0.0
227  147.0  0.0  21.0
228  170.0  0.0  0.0
229  354.0  0.0  0.0
230  134.0  0.0  0.0
231  265.0  0.0  13.0
232  2.0  0.0  0.0
233  184.0  0.0  1.0
234  227.0  2.0  14.0
235  9.0  0.0  0.0
236  111.0  0.0  0.0
237  26.0  0.0  0.0
238  74.0  0.0  0.0
239  36.0  0.0  0.0
240  45.0  0.0  0.0
241  166.0  0.0  0.0
242  85.0  0.0  0.0
243  11.0  0.0  0.0
244  44.0  0.0  0.0
245  37.0  0.0  0.0
246  5.0  0.0  0.0
247  79.0  0.0  0.0
248  3991.0  3062.0  3723.0
249  1902.0  616.0  1293.0
250  1718.0  699.0  1108.0
251  815.0  243.0  337.0
252  589.0  17.0  130.0
253  713.0  3.0  70.0
254  50.0  0.0  0.0
255  15.0  0.0  0.0
256  951.0  438.0  590.0
